

# Correction Jo : Real part

#   Antenna number = 0
# DOF on interface 26
0 1.000000e+00  # Norm 8.378982e-06
1 1.609206e+00
2 1.741092e+00
3 2.947129e+00
4 9.517689e-01
5 9.207100e-01
6 1.701036e+00
7 5.903072e-01
8 7.231364e-01
9 4.040981e-01
10 2.645698e-01
11 8.913607e-02
12 1.160349e-01
13 8.095630e-02
14 2.571457e-02
15 3.502874e-02
16 5.461512e-02
17 9.092616e-03
18 3.584242e-04
19 4.094531e-05
20 3.196477e-06
21 1.208380e-07
22 6.262653e-09
23 2.435976e-09
24 7.057220e-11


# Correction Jo : Imaginary part

#   Antenna number = 0
# DOF on interface 26
0 1.000000e+00  # Norm 0.000000e+00


# Full Wave Analysis
# DOF on interface 20264
0 1.000000e+00  # Norm 2.356684e-06
1 4.683279e-01
2 5.854767e-01
3 9.467487e-01
4 2.830298e-01
5 2.402970e-01
6 2.194625e+00
7 3.806016e-01
8 2.878319e-01
9 8.842682e-01
10 1.881323e+00
11 6.138925e-01
12 3.117854e-01
13 3.285181e-01
14 8.018437e-01
15 3.840427e-01
16 2.750961e-01
17 3.526815e+00
18 2.395574e-01
19 1.523895e+01
20 2.148060e-01
21 2.268354e-01
22 3.187302e+00
23 2.109136e-01
24 3.463615e-01
25 3.393829e+00
26 6.408628e-01
27 2.257858e-01
28 2.720109e-01
29 6.865403e-01
30 4.324576e-01
31 6.909256e-01
32 1.539205e+00
33 1.697390e-01
34 1.991612e-01
35 1.130120e+00
36 4.061877e-01
37 7.364440e-01
38 1.208152e+00
39 3.897929e-01
40 2.993733e+00
41 3.735870e-01
42 6.811777e-01
43 3.029062e-01
44 3.343186e+00
45 6.442656e-01
46 7.899411e+00
47 3.839218e-01
48 3.365294e+00
49 2.873225e-01
50 1.558088e+00
51 4.834707e-01
52 3.929744e-01
53 1.970947e-01
54 5.625400e-01
55 3.452415e-01
56 3.241680e+00
57 3.018508e-01
58 1.293857e+00
59 1.790409e-01
60 1.769910e-01
61 3.523064e+00
62 2.432977e-01
63 4.062054e-01
64 4.993861e+00
65 4.891619e-01
66 2.833239e-01
67 1.149180e+00
68 2.890953e-01
69 1.632543e-01
70 2.109047e-01
71 4.388889e+00
72 8.817964e-01
73 1.466837e-01
74 1.288188e-01
75 3.589146e-01
76 4.372939e-01
77 2.289731e-01
78 9.219666e-01
79 5.545875e+00
80 2.840175e-01
81 4.503616e-01
82 7.204875e-01
83 8.379536e-01
84 4.976594e-01
85 1.549313e-01
86 2.434727e-01
87 5.484356e-01
88 2.602125e-01
89 4.242757e-01
90 1.917260e-01
91 2.078366e-01
92 6.991135e-01
93 2.598365e-01
94 2.863067e+00
95 2.872280e-01
96 3.874268e-01
97 9.673972e-02
98 1.441217e-01
99 1.787769e+01
100 2.652940e-01
101 3.198990e+00
102 6.506289e+00
103 2.708729e-01
104 5.385282e-01
105 5.219488e-01
106 4.026333e-01
107 5.621668e+00
108 3.621883e-01
109 1.873472e+00
110 2.240081e-01
111 4.253938e-01
112 4.035863e-01
113 2.327829e-01
114 4.055864e-01
115 5.619945e-01
116 4.348252e-01
117 9.484491e-01
118 1.337374e+00
119 9.949872e-01
120 8.618666e-01
121 6.518844e-01
122 4.257347e-01
123 4.334993e-01
124 1.277848e+00
125 1.338679e-01
126 2.266301e-01
127 7.402452e-01
128 1.256231e+00
129 1.915206e-01
130 2.640642e-01
131 1.004133e+00
132 4.304133e+00
133 2.858685e-01
134 5.508557e-01
135 9.292492e-01
136 1.615171e-01
137 8.498704e-02
138 1.522950e-01
139 1.041774e+02
140 2.838820e-01
141 1.151471e-01
142 1.578797e-01
143 2.246481e-01
144 8.016803e-02
145 1.121615e+00
146 1.858531e-01
147 1.029622e+00
148 1.955024e-01
149 2.014246e-01
150 5.155909e-01
151 3.636551e+00
152 9.935143e+00
153 2.363352e-01
154 2.166427e-01
155 1.031365e+00
156 1.801956e-01
157 4.604969e-01
158 9.899417e-01
159 1.678160e-01
160 3.787087e-01
161 4.520403e-01
162 1.177013e-01
163 2.491090e-01
164 1.916920e-01
165 1.460350e+00
166 1.096413e-01
167 2.942428e-01
168 2.066944e-01
169 3.507047e-01
170 1.630194e-01
171 1.403494e+00
172 9.215713e-02
173 3.082160e-01
174 2.335522e-01
175 1.003936e-01
176 1.124319e+01
177 2.867127e-01
178 1.293231e+00
179 2.234660e-01
180 8.468511e-02
181 1.000492e-01
182 1.893151e+00
183 9.496664e-02
184 1.668560e+00
185 1.213666e-01
186 2.471743e-01
187 3.269297e+00
188 3.945216e-01
189 3.966449e-01
190 1.264726e+00
191 2.690071e-01
192 7.843029e-02
193 8.376009e-02
194 4.328432e-01
195 1.966161e-01
196 6.585878e-01
197 3.700874e+00
198 2.660645e-01
199 4.209940e-01
200 2.969246e-01
201 5.411301e-01
202 1.435500e-01
203 1.416384e+02
204 8.932615e+00
205 2.012251e-01
206 2.373937e-01
207 1.799604e+01
208 2.789391e-01
209 7.140382e-01
210 3.264262e-01
211 4.171405e-01
212 8.616924e-02
213 1.156589e-01
214 3.117966e+00
215 1.635852e+00
216 1.375093e-01
217 1.809097e-01
218 3.523016e-01
219 1.907668e-01
220 5.778107e-01
221 2.201124e+00
222 5.265511e-01
223 7.343000e-01
224 1.246877e-01
225 1.026548e-01
226 3.515331e-01
227 1.762995e+00
228 1.851356e-01
229 1.152580e-01
230 1.040124e+00
231 1.609283e-01
232 3.470244e-01
233 1.896276e+00
234 2.440150e-01
235 2.948437e-01
236 8.621978e-01
237 2.293439e-01
238 4.040744e+00
239 1.067552e+00
240 1.785826e-01
241 1.127601e-01
242 2.013258e-01
243 6.855237e-01
244 4.127737e-01
245 1.139366e+00
246 2.804618e-01
247 8.523434e-02
248 1.286077e-01
249 8.948344e-01
250 2.980745e-01
251 2.867166e+00
252 6.268059e-01
253 3.341006e-01
254 1.963440e-01
255 2.207495e-01
256 4.930435e-01
257 1.728801e+00
258 2.010545e-01
259 5.296002e+00
260 2.884909e-01
261 2.989678e-01
262 1.090034e+00
263 2.308022e+00
264 3.972408e-01
265 3.387750e-01
266 3.463141e-01
267 3.665792e-01
268 3.471014e-01
269 4.573135e-01
270 3.610526e-01
271 1.479373e+00
272 6.040141e-01
273 3.178266e-01
274 1.018281e-01
275 2.821016e-01
276 2.804477e-01
277 3.338503e+00
278 1.996874e-01
279 2.414124e-01
280 3.002757e-01
281 3.910918e-01
282 2.477486e-01
283 4.404252e-01
284 2.444420e-01
285 3.419174e-01
286 2.144806e-01
287 4.026219e-01
288 1.913396e-01
289 1.742776e-01
290 3.709245e+00
291 5.320391e-01
292 3.526980e-01
293 2.922910e-01
294 3.258929e-01
295 3.949904e-01
296 2.348919e-01
297 1.031012e-01
298 1.768697e-01
299 7.465195e-01
300 3.777621e-01
301 3.145305e-01
302 1.252817e-01
303 8.125202e-02
304 1.309363e-01
305 8.898292e+00
306 5.969643e+00
307 6.886776e-01
308 1.100768e+00
309 1.853049e-01
310 1.482777e-01
311 1.623115e+00
312 3.082905e-01
313 3.727034e-01
314 6.802090e-01
315 1.850233e-01
316 1.240559e-01
317 8.581400e-01
318 2.259719e-01
319 7.998084e-01
320 2.306145e-01
321 2.537632e-01
322 5.205817e-01
323 5.592117e+00
324 5.309818e-01
325 2.838760e-01
326 5.648348e+00
327 3.802136e-01
328 3.251048e-01
329 4.933995e+00
330 1.309838e+00
331 1.638000e-01
332 2.139067e-01
333 2.259881e-01
334 9.874169e-02
335 2.995787e+00
336 7.191018e-01
337 3.844574e-01
338 1.089134e+01
339 2.002598e-01
340 6.853265e-01
341 5.099596e-01
342 3.578208e-01
343 2.599765e-01
344 3.176646e-01
345 2.165027e-01
346 1.090337e+00
347 3.666097e-01
348 4.196261e-01
349 1.652158e+00
350 2.927105e-01
351 2.503232e-01
352 1.664291e+00
353 3.942173e-01
354 2.952082e-01
355 3.495840e-01
356 3.885702e-01
357 1.654853e-01
358 2.319770e-01
359 2.154962e+00
360 5.651191e-01
361 7.852103e-01
362 1.541318e-01
363 1.052778e-01
364 1.989515e-01
365 3.485245e+00
366 2.209404e+00
367 2.703509e-01
368 2.729896e+02
369 1.718235e-01
370 1.204292e-01
371 4.892448e-01
372 2.335967e-01
373 3.806999e+00
374 1.732701e-01
375 2.190646e-01
376 6.740755e-01
377 1.069031e+00
378 5.853191e-01
379 2.208891e-01
380 5.441403e-02
381 8.607685e-02
382 1.113664e+00
383 1.219134e+00
384 8.839554e-01
385 1.244419e-01
386 7.132598e-02
387 1.259018e-01
388 1.213170e+00
389 1.148169e+00
390 4.265731e-01
391 3.106020e-01
392 3.810702e-01
393 3.502278e-01
394 1.313124e-01
395 2.449334e+00
396 6.491125e-01
397 1.444467e-01
398 7.814414e-02
399 8.926825e-01
400 1.344966e-01
401 3.947789e+00
402 9.278529e-01
403 8.593202e-02
404 1.322712e-01
405 4.012338e-01
406 3.344535e-01
407 3.511575e-01
408 2.823174e-01
409 1.802816e-01
410 7.997407e-01
411 1.826907e-01
412 5.606523e-01
413 4.846013e-01
414 3.937145e-01
415 1.070215e+00
416 1.919995e-01
417 1.210353e-01
418 2.332685e-01
419 1.341415e-01
420 4.118228e-01
421 1.701214e-01
422 1.375678e-01
423 1.601542e-01
424 4.866449e-01
425 1.456737e-01
426 3.340922e-01
427 2.152280e-01
428 1.176845e+00
429 2.182195e-01
430 2.597013e+00
431 1.544537e-01
432 6.839438e-01
433 1.796265e-01
434 2.159555e+00
435 8.637279e-02
436 6.050004e-02
437 2.860185e-01
438 2.890887e-01
439 5.690613e-01
440 1.305980e-01
441 1.589773e-01
442 4.265389e+00
443 5.373708e-01
444 1.860232e-01
445 1.773248e-01
446 3.828634e-01
447 2.547167e-01
448 1.543622e+00
449 2.955998e-01
450 1.652508e-01
451 1.565739e-01
452 4.879061e-01
453 1.040542e+00
454 1.511816e-01
455 1.699300e-01
456 4.977328e-01
457 7.489973e-01
458 2.791091e-01
459 8.359379e-01
460 2.885675e-01
461 1.014538e-01
462 4.404020e-01
463 1.304149e-01
464 1.098641e+00
465 8.208267e-02
466 5.394990e-02
467 8.158254e-01
468 6.067385e-01
469 1.483367e-01
470 1.832406e-01
471 8.881023e-02
472 7.987636e-02
473 5.876249e-01
474 3.513601e-01
475 2.835529e-01
476 3.119879e+01
477 1.845995e-01
478 5.982849e-01
479 8.547960e-02
480 5.619445e-01
481 5.643784e-02
482 9.738706e-02
483 5.710882e-01
484 1.780873e-01
485 1.945388e+00
486 2.530884e+00
487 1.049396e-01
488 3.150765e-01
489 6.781260e-02
490 6.369077e-02
491 1.625561e+00
492 8.950881e+00
493 1.304713e-01
494 3.744894e-01
495 1.524296e-01
496 7.454386e-02
497 1.225744e-01
498 2.305399e-01
499 1.956873e+01
500 3.187634e-01
501 8.837030e-02
502 3.880984e-02
503 9.958054e-02
504 2.873835e-01
505 1.708821e+00
506 9.959439e-02
507 4.795129e-01
508 1.352750e-01
509 1.233999e-01
510 2.883643e-01
511 2.159808e+00
512 8.519469e-02
513 7.480211e-02
514 4.190752e-01
515 2.756454e-01
516 1.738384e-01
517 9.545065e-02
518 1.057025e-01
519 8.102865e-01
520 2.241417e-01
521 6.929095e-01
522 5.478577e-01
523 1.675799e-01
524 2.014099e-01
525 9.840741e-01
526 2.369147e-01
527 1.148664e-01
528 7.169559e-01
529 5.023729e-02
530 1.319209e-01
531 1.373755e-01
532 7.788382e-02
533 3.507112e-01
534 1.411848e+00
535 7.686202e-02
536 6.328975e-02
537 5.075227e+02
538 5.256932e-02
539 1.453896e-01
540 1.510280e-01
541 8.411511e-01
542 1.063788e-01
543 3.547796e-01
544 1.562953e-01
545 1.289760e-01
546 1.323591e-01
547 2.733402e-01
548 1.240516e-01
549 8.192507e-02
550 3.416214e-01
551 1.645150e-01
552 2.024216e-01
553 7.325096e-01
554 1.806686e-01
555 1.476737e-01
556 7.891737e-02
557 1.416670e-01
558 7.027629e-01
559 2.469167e-01
560 2.140090e-01
561 1.223715e-01
562 6.354211e-02
563 1.360790e-01
564 1.395742e+00
565 8.652337e-02
566 7.919622e-02
567 3.516117e-01
568 8.138217e-02
569 1.378567e-01
570 9.508209e-01
571 1.001331e-01
572 7.228122e-02
573 1.063051e+00
574 4.635628e-02
575 4.840923e-02
576 1.603950e-01
577 3.154748e-02
578 1.752604e-01
579 3.745836e-02
580 1.259469e-01
581 1.019091e-01
582 2.648258e-01
583 8.103388e-02
584 1.061445e-01
585 9.249129e-02
586 4.371119e-01
587 2.352810e-01
588 4.808712e-01
589 8.765758e-02
590 7.111646e-02
591 1.732679e-01
592 1.998477e-01
593 4.205509e-01
594 1.224580e+00
595 7.803123e-02
596 3.800241e-02
597 4.253579e-02
598 6.518059e-01
599 7.345265e-02
600 2.438868e-01
601 4.124820e-01
602 6.815322e-02
603 5.228534e-02
604 1.173234e-01
605 1.082778e-01
606 2.488868e-01
607 7.092557e-02
608 1.834045e-01
609 1.140598e-01
610 1.020968e-01
611 6.219366e-02
612 3.454314e-01
613 1.161011e-01
614 1.642245e-01
615 5.910875e-02
616 1.785728e-01
617 5.606760e-02
618 2.597022e-01
619 3.520167e-02
620 1.253626e-01
621 6.516137e-02
622 4.244247e-02
623 1.144837e+00
624 1.201372e+00
625 4.886320e-02
626 2.828833e-01
627 2.838993e-02
628 6.635052e-02
629 1.866507e-01
630 2.990040e-01
631 7.298360e-02
632 7.671095e-02
633 1.940084e-02
634 3.700542e-02
635 1.673721e-01
636 3.003642e-01
637 4.489390e-02
638 2.068991e-01
639 8.507213e-02
640 9.717904e-02
641 6.022610e-02
642 3.206848e-01
643 1.553771e-01
644 9.934291e-02
645 7.724751e-02
646 1.327690e-01
647 3.353808e-02
648 2.850114e-01
649 2.236709e-02
650 1.230138e-01
651 4.368191e-02
652 5.247772e-02
653 1.130734e+00
654 1.462728e+00
655 8.888178e-02
656 9.702782e-02
657 2.355852e+00
658 3.835109e-02
659 3.536670e-02
660 9.877489e-02
661 3.111525e-02
662 7.781108e-02
663 4.144859e-02
664 6.333859e-01
665 5.781372e-02
666 3.178500e-01
667 2.123841e-01
668 7.665078e-02
669 1.225789e-01
670 5.162156e-02
671 3.340057e-01
672 2.210089e+00
673 3.088814e-02
674 2.867530e-02
675 2.838447e-01
676 2.991800e-02
677 6.289576e-02
678 9.802117e-01
679 6.572553e-02
680 5.120015e-02
681 1.506072e-01
682 4.473057e-02
683 1.984320e-02
684 2.359575e-01
685 3.428516e-02
686 5.684919e-02
687 1.781097e-02
688 1.595863e-02
689 7.171076e-02
690 1.263961e-01
691 7.242463e-02
692 1.576228e-01
693 2.786671e-02
694 2.611301e-02
695 6.969420e-01
696 1.576484e+00
697 2.637539e-02
698 8.536969e-02
699 3.674667e-02
700 4.477855e-02
701 1.540548e-01
702 5.846764e-01
703 7.607235e-02
704 1.599999e-01
705 2.825985e-02
706 6.084821e-02
707 2.592603e-02
708 3.243791e-01
709 1.519291e-02
710 3.821154e-02
711 7.883450e-02
712 3.884769e-02
713 3.310165e-01
714 1.849804e+00
715 5.244943e-02
716 3.959306e-02
717 1.260063e-01
718 4.677848e-02
719 1.010330e-01
720 4.052831e-01
721 8.283369e-02
722 5.241843e-01
723 7.226419e-02
724 4.566744e-02
725 9.577988e-02
726 5.156421e-01
727 2.470425e-02
728 7.399803e-02
729 3.095034e-02
730 3.123041e-02
731 9.445451e-01
732 1.341322e+00
733 1.898143e-02
734 2.107684e-02
735 6.720310e-01
736 3.478721e-02
737 4.249392e-02
738 5.539558e-01
739 7.794419e-02
740 6.625369e-02
741 1.497755e-01
742 2.963199e-02
743 3.813807e-02
744 4.408181e-01
745 3.484167e-01
746 3.839024e-02
747 3.459140e-02
748 1.003823e-01
749 4.472794e-02
750 2.002090e+01
751 5.790893e-02
752 2.410088e-02
753 4.456073e-02
754 3.324704e-02
755 1.989770e-02
756 4.076283e-01
757 7.742667e-02
758 4.275850e-02
759 2.326581e-02
760 2.605314e-02
761 8.196431e-02
762 6.626748e-01
763 3.151612e-02
764 1.803672e-02
765 2.909435e+00
766 1.332162e-02
767 2.000327e-02
768 1.060630e-01
769 1.540246e-01
770 1.220221e-02
771 1.644192e-02
772 5.767077e-01
773 5.094808e-02
774 9.855554e-02
775 8.437649e-02
776 4.747549e-02
777 4.320647e-02
778 3.639108e-02
779 1.088342e-01
780 4.990201e-01
781 1.809724e-02
782 1.381641e-02
783 2.434614e-01
784 2.230815e-02
785 5.404364e-02
786 4.791140e-01
787 1.968146e-02
788 1.985033e-02
789 7.354098e-02
790 8.299043e-02
791 5.987802e-02
792 1.943200e-01
793 2.000095e-01
794 2.015145e-02
795 8.639421e-03
796 1.716592e-02
797 4.066808e-02
798 1.283649e-01
799 2.121060e-02
800 3.042836e-02
801 1.114768e-02
802 6.684935e-02
803 2.519022e-02
804 1.443505e-01
805 5.015762e-02
806 1.650589e-02
807 2.680928e-02
808 2.446266e-02
809 1.177144e-02
810 9.997672e-02
811 1.784559e-02
812 1.001286e-01
813 7.496519e-02
814 2.479414e-02
815 1.123249e-02
816 7.908001e-02
817 3.785524e-02
818 2.091397e-02
819 2.428083e-02
820 5.246765e-02
821 1.939311e-02
822 8.190680e-02
823 2.907038e-02
824 3.928041e-02
825 9.774827e-03
826 2.052033e-02
827 6.116461e-02
828 6.549699e-02
829 1.857062e-02
830 3.556898e-02
831 3.553638e-02
832 3.594970e-02
833 3.434031e-02
834 1.332496e-01
835 9.986819e-03
836 1.095732e-02
837 3.174451e-01
838 1.279592e-02
839 4.728637e-02
840 1.938540e-02
841 1.079031e-01
842 1.680479e-02
843 2.732555e-02
844 2.285993e-02
845 5.486269e-02
846 1.547640e-02
847 8.960329e-01
848 2.807740e-02
849 6.957812e-02
850 2.745290e-02
851 6.969998e-02
852 7.744006e-02
853 3.001741e-02
854 1.989765e-02
855 3.323349e-02
856 1.347997e-01
857 4.295746e-02
858 3.441106e-02
859 1.677135e-01
860 2.310560e-02
861 6.145105e-01
862 1.588262e-02
863 4.237216e-02
864 3.815827e-01
865 1.832913e-02
866 1.518098e-02
867 1.063007e+00
868 1.403105e-02
869 1.503101e-02
870 7.209929e-02
871 8.307646e+00
872 2.131621e-02
873 3.324654e-02
874 1.354069e-02
875 1.869867e-02
876 3.621091e-02
877 1.381363e-02
878 3.875475e-02
879 8.894919e-03
880 2.243736e-02
881 6.827678e-02
882 3.205764e-02
883 7.898363e-03
884 4.027126e-02
885 4.306243e-02
886 1.827498e-01
887 5.040884e-02
888 1.172686e-01
889 5.057844e-02
890 1.339918e-02
891 1.039865e-02
892 1.816061e-02
893 1.159174e-01
894 7.376321e-02
895 8.410874e-03
896 6.551634e-03
897 2.289557e-02
898 2.207134e-02
899 1.257733e-01
900 2.611414e-02
901 1.281731e-02
902 9.315345e-03
903 1.618196e-02
904 5.122910e-02
905 1.362783e-01
906 1.776061e-02
907 1.453437e-01
908 1.892331e-02
909 2.030732e-02
910 9.147231e-02
911 2.024742e-01
912 2.656260e-02
913 4.715840e-02
914 3.918087e-02
915 6.748740e-02
916 1.361135e-02
917 5.556519e-02
918 1.849804e-02
919 9.309684e-02
920 1.458843e-02
921 3.154110e-02
922 5.338804e-02
923 5.529681e-02
924 5.372734e-02
925 6.613015e-02
926 1.699814e-02
927 1.070971e-02
928 1.974007e-02
929 1.320759e-01
930 2.285230e-02
931 1.435406e-02
932 4.220719e-02
933 2.112918e-02
934 1.743008e-02
935 5.119918e-01
936 1.724926e-01
937 2.129777e-02
938 2.481720e-02
939 2.321182e-02
940 7.175036e-03
941 2.175441e-01
942 8.476414e-02
943 9.294816e-03
944 9.009160e-03
945 7.092289e-02
946 1.661321e-02
947 7.865182e-01
948 1.064180e+00
949 1.794020e-02
950 1.390447e-02
951 7.026001e-02
952 1.372493e-02
953 2.051608e-01
954 2.930677e-02
955 8.112538e-03
956 6.019987e-03
957 6.041337e-02
958 3.013719e-02
959 2.617200e-01
960 6.919304e-02
961 1.951721e-02
962 1.960026e-02
963 3.337434e-02
964 1.214635e-02
965 1.064458e-01
966 2.059826e-02
967 2.250055e-02
968 9.999797e-03
969 1.627815e-02
970 1.002723e-01
971 1.238478e-01
972 3.301712e-02
973 2.233205e-02
974 1.219234e-02
975 2.088059e-02
976 2.328501e-02
977 7.623704e-02
978 1.334051e-02
979 6.637743e-02
980 1.049053e-02
981 1.787165e-02
982 4.717209e-02
983 1.202214e-01
984 1.115484e-02
985 1.115967e-02
986 1.893096e-02
987 3.050720e-02
988 1.894920e-02
989 9.333272e-02
990 2.448718e-02
991 7.069333e-02
992 1.823393e-02
993 8.368008e-02
994 8.501478e-03
995 2.019656e-01
996 4.612207e-02
997 7.962700e-03
998 1.303606e-02
999 3.965137e-01
1000 3.080727e-02
1001 1.747312e-01
1002 3.050780e-02
1003 1.459106e-02
1004 2.988860e-02
1005 4.458966e-03
1006 1.039040e-02
1007 8.358785e-02
1008 1.099552e-02
1009 4.571083e-03
1010 1.803287e-02
1011 7.300174e-03
1012 8.901951e-03
1013 3.140909e-01
1014 1.147223e-01
1015 1.375534e-02
1016 1.217299e-02
1017 2.590656e-02
1018 5.376606e-03
1019 1.089387e-01
1020 6.042470e-03
1021 2.172961e-02
1022 1.275617e-02
1023 1.190788e-02
1024 1.475351e-01
1025 4.706105e-01
1026 1.776447e-02
1027 3.371279e-02
1028 5.049314e-03
1029 3.059325e-02
1030 2.073163e-02
1031 1.409421e-01
1032 9.733015e-03
1033 2.959535e-02
1034 1.660452e-02
1035 4.166027e-02
1036 6.822486e-03
1037 1.075213e-01
1038 6.929775e-03
1039 2.172008e-02
1040 1.087892e-02
1041 1.170986e-02
1042 2.272128e-02
1043 1.960280e-01
1044 6.073936e-03
1045 1.181230e-02
1046 1.576489e-02
1047 9.167498e-03
1048 2.238668e-01
1049 7.132058e-01
1050 1.055253e-02
1051 1.006083e-02
1052 3.946426e-02
1053 2.472356e-02
1054 6.678023e-02
1055 2.896130e-01
1056 1.684259e-02
1057 3.109051e-02
1058 1.142991e-02
1059 8.767387e-03
1060 5.033442e-02
1061 3.031204e-01
1062 1.754990e-02
1063 9.215949e-03
1064 9.614520e-03
1065 4.054436e+00
1066 1.907084e-02
1067 1.521722e-01
1068 1.596911e-01
1069 4.731511e-03
1070 5.941401e-03
1071 4.800950e-02
1072 9.685222e-03
1073 1.109747e-01
1074 4.051744e-02
1075 1.969128e-02
1076 9.211805e-03
1077 5.770712e-03
1078 9.725677e-03
1079 6.286467e-02
1080 1.307884e-02
1081 3.199296e-02
1082 6.761654e-03
1083 6.331039e-03
1084 9.311411e-01
1085 5.212741e-01
1086 8.316582e-03
1087 1.024001e-02
1088 1.041707e-02
1089 8.622458e-03
1090 2.338891e-02
1091 1.368632e-01
1092 6.039296e-03
1093 6.988822e-03
1094 2.580284e-02
1095 1.322516e-02
1096 1.052992e-01
1097 2.929366e-01
1098 6.208386e-03
1099 1.003288e-02
1100 3.641094e-02
1101 7.075552e-03
1102 2.847401e-02
1103 2.426730e-01
1104 7.753628e-03
1105 1.860186e-02
1106 1.023720e-02
1107 7.886856e-03
1108 1.341957e-02
1109 5.580052e-02
1110 1.946545e-02
1111 3.232050e-02
1112 8.378728e-03
1113 5.111716e-03
1114 1.444591e-02
1115 1.415341e-01
1116 8.322875e-03
1117 5.318324e-03
1118 4.608051e-02
1119 9.470660e-03
1120 2.172187e-02
1121 8.032640e-02
1122 2.687318e-02
1123 1.304923e-02
1124 1.455530e-02
1125 2.397851e-02
1126 6.232908e-03
1127 2.167484e-02
1128 4.689264e-03
1129 1.094332e-02
1130 9.341285e-03
1131 1.510384e-02
1132 2.539652e-02
1133 3.740619e-02
1134 5.349901e-03
1135 2.727789e-02
1136 1.259387e-02
1137 2.935788e-02
1138 7.320581e-03
1139 1.020251e-01
1140 1.467742e-02
1141 3.779867e-03
1142 1.815336e-02
1143 7.824100e-03
1144 8.647107e-03
1145 9.426297e-02
1146 2.272463e-02
1147 5.276790e-03
1148 5.535767e-03
1149 9.822646e-02
1150 9.206855e-03
1151 3.235251e-02
1152 8.418949e-03
1153 5.735519e-02
1154 6.845214e-03
1155 1.237872e-02
1156 7.103413e-03
1157 3.326389e-02
1158 5.428466e-03
1159 7.770077e-03
1160 2.114438e-02
1161 9.077948e-03
1162 2.293407e-01
1163 8.602118e+00
1164 1.041917e-02
1165 2.272077e-02
1166 4.122742e-03
1167 1.420032e-02
1168 1.539549e-02
1169 9.437666e-02
1170 1.985290e-02
1171 1.472113e-02
1172 7.316516e-03
1173 8.846182e-03
1174 2.653717e-02
1175 8.364672e-02
1176 8.505574e-03
1177 1.412080e-02
1178 7.652874e-03
1179 4.068449e-03
1180 5.323198e-03
1181 9.740173e-02
1182 1.982578e-02
1183 1.005803e-02
1184 1.545356e-02
1185 6.164518e-03
1186 1.664509e-02
1187 2.860986e-02
1188 6.136867e-03
1189 3.538810e-03
1190 2.792500e-02
1191 1.756043e-02
1192 1.203263e-02
1193 2.579971e-02
1194 1.298758e-02
1195 1.921830e-02
1196 5.453929e-03
1197 2.578317e-02
1198 5.163789e-03
1199 1.463934e-02
1200 6.675945e-03
1201 1.211441e-01
1202 7.329620e-03
1203 6.914267e-03
1204 8.985815e-03
1205 6.738810e-03
1206 4.320955e-02
1207 1.010132e-02
1208 4.504010e-03
1209 7.517108e-02
1210 9.338180e-03
1211 2.394249e-02
1212 9.899596e-02
1213 4.118579e-03
1214 5.928691e-03
1215 1.055089e-02
1216 5.998216e-03
1217 1.313253e-02
1218 8.822640e-01
1219 6.589234e-03
1220 2.660442e-03
1221 3.452963e-03
1222 7.692501e-02
1223 1.039614e-02
1224 1.210389e-01
1225 3.420524e-02
1226 1.023200e-02
1227 5.837110e-03
1228 6.214093e-03
1229 1.968098e-02
1230 1.055962e-01
1231 1.417876e-02
1232 1.208247e-02
1233 1.126478e-02
1234 8.990283e-03
1235 4.881417e-03
1236 3.542972e-02
1237 2.390518e-02
1238 1.835725e-02
1239 4.430549e-02
1240 5.097428e-03
1241 4.455716e-03
1242 2.446299e-02
1243 8.242495e-02
1244 9.696786e-03
1245 6.845276e-03
1246 9.239858e-03
1247 1.701116e-02
1248 6.308023e-03
1249 1.823564e-02
1250 1.020265e-02
1251 4.187670e-03
1252 5.050312e-03
1253 1.891176e-02
1254 1.486070e-02
1255 1.970585e-01
1256 1.071567e-02
1257 1.538287e-02
1258 8.871058e-02
1259 1.055331e-02
1260 5.405719e-03
1261 7.673288e-02
1262 7.640827e-03
1263 1.296573e-02
1264 5.556651e-03
1265 7.384099e-03
1266 5.961751e-02
1267 1.881820e-01
1268 9.976927e-03
1269 5.268477e-02
1270 6.952477e-03
1271 5.940912e-03
1272 2.766396e-02
1273 3.533644e-02
1274 6.175631e-03
1275 3.371822e-02
1276 8.475864e-03
1277 1.182913e-01
1278 5.897808e-03
1279 3.279769e-02
1280 1.503678e-01
1281 5.235619e-03
1282 4.235778e-03
1283 2.017363e-02
1284 3.817544e-03
1285 3.688110e-02
1286 1.249286e+00
1287 2.194805e-03
1288 1.991575e-03
1289 5.701683e-03
1290 8.042404e-03
1291 8.001563e-03
1292 3.921640e-02
1293 3.006483e-02
1294 7.105866e-03
1295 1.068588e-02
1296 1.062776e-02
1297 3.367892e-03
1298 3.122231e-02
1299 9.286225e-03
1300 9.350740e-03
1301 1.709671e-02
1302 6.965912e-03
1303 5.217092e-03
1304 9.397694e-02
1305 3.699455e-02
1306 1.213415e-02
1307 4.286690e-02
1308 5.145402e-03
1309 9.717222e-03
1310 3.245118e-02
1311 9.881320e-03
1312 5.452182e-03
1313 1.003752e-02
1314 5.457927e-03
1315 1.874957e-03
1316 2.222704e-02
1317 3.205891e-03
1318 1.269659e-01
1319 3.393138e-03
1320 4.596530e-03
1321 2.825944e-02
1322 2.301785e-02
1323 2.236033e-02
1324 8.700060e-03
1325 7.536055e-03
1326 2.258891e-01
1327 1.165296e-02
1328 2.533002e-02
1329 1.266208e-01
1330 8.677687e-03
1331 4.322833e-03
1332 6.894830e-03
1333 1.133009e-02
1334 5.965449e-03
1335 3.761683e-02
1336 2.822011e-02
1337 4.991069e-03
1338 7.352329e-03
1339 2.155304e-02
1340 5.362799e-03
1341 5.336567e-02
1342 1.168672e-02
1343 1.569879e-02
1344 6.981195e-03
1345 1.837813e-02
1346 7.054317e-03
1347 8.555068e-02
1348 9.048524e-03
1349 3.667185e-03
1350 1.216877e-02
1351 3.929341e-03
1352 4.133866e-03
1353 2.252799e-01
1354 2.505486e-02
1355 2.603912e-03
1356 4.492258e-03
1357 8.874744e-03
1358 4.684754e-03
1359 1.355690e-01
1360 3.757278e-02
1361 3.565185e-03
1362 3.695579e-03
1363 1.399301e-02
1364 8.188710e-03
1365 1.706673e-02
1366 7.818881e-03
1367 1.224603e-02
1368 1.190270e-02
1369 7.009558e-03
1370 4.946041e-03
1371 6.485441e-03
1372 4.186954e-02
1373 2.441697e-02
1374 1.033427e-02
1375 1.318909e-01
1376 3.089966e-03
1377 4.043626e-03
1378 6.741881e-02
1379 2.012000e-02
1380 4.474999e-03
1381 3.367354e-02
1382 7.791984e-03
1383 5.138208e-03
1384 4.775951e-02
1385 6.975399e-03
1386 4.914512e-02
1387 4.766155e-03
1388 4.124088e-03
1389 3.383549e-01
1390 5.970830e-02
1391 5.419577e-03
1392 7.328164e-03
1393 4.281667e-02
1394 7.096168e-03
1395 8.096967e-03
1396 1.070192e-01
1397 4.801929e-02
1398 9.794737e-03
1399 5.232492e-03
1400 1.321413e-01
1401 5.362392e-03
1402 1.305737e-01
1403 2.121242e-02
1404 3.064748e-03
1405 7.494371e-03
1406 2.648282e-02
1407 4.695983e-03
1408 6.834489e-02
1409 3.178405e-02
1410 7.552342e-03
1411 1.452881e-02
1412 1.028202e-02
1413 5.001868e-01
1414 3.103320e-03
1415 3.444704e-02
1416 6.986104e-03
1417 6.364740e-03
1418 2.475216e-03
1419 1.177567e-02
1420 5.492901e-03
1421 4.878511e-02
1422 3.385620e-03
1423 1.040012e-02
1424 4.525346e-03
1425 9.315267e-02
1426 4.294631e-03
1427 7.491563e-02
1428 7.591681e-03
1429 1.300634e-02
1430 4.063615e-03
1431 3.631608e-03
1432 9.796323e-03
1433 1.317222e+01
1434 7.165246e-03
1435 3.931739e-02
1436 3.199832e-03
1437 2.823954e-03
1438 1.134691e-01
1439 2.289858e-01
1440 4.443450e-03
1441 1.561659e-02
1442 9.450851e-03
1443 1.222558e-02
1444 7.310107e-03
1445 6.547284e-02
1446 3.962960e-03
1447 1.179751e-02
1448 3.250957e-03
1449 4.135223e-03
1450 1.155723e-01
1451 1.843599e-01
1452 3.568412e-03
1453 4.302059e-03
1454 1.549194e-02
1455 9.050973e-03
1456 3.131440e-02
1457 1.423175e-02
1458 1.014096e-02
1459 1.965023e-02
1460 1.332137e-02
1461 9.809751e-03
1462 4.482302e-02
1463 5.902314e-02
1464 6.864946e-03
1465 3.256253e-03
1466 8.215326e-03
1467 8.950336e-03
1468 3.577775e-02
1469 6.797683e-03
1470 1.742508e-02
1471 5.201736e-03
1472 6.214112e-03
1473 1.786098e-02
1474 7.150246e-02
1475 4.577188e-03
1476 2.343872e-02
1477 9.738116e-03
1478 7.241328e-03
1479 1.802966e-02
1480 7.174809e-02
1481 9.843585e-03
1482 1.462030e-02
1483 1.166348e-02
1484 1.197636e-02
1485 4.596838e-03
1486 5.959506e-02
1487 6.537930e-03
1488 6.230102e-02
1489 7.783126e-03
1490 1.448125e-02
1491 8.002305e-03
1492 7.920177e-02
1493 4.805978e-03
1494 3.129387e-01
1495 4.886420e-03
1496 3.605458e-03
1497 2.550163e-01
1498 1.200918e+00
1499 4.960718e-03
1500 5.298671e-03
1501 1.968097e-02
1502 1.596399e-02
1503 2.014129e-02
1504 5.903350e-02
1505 3.996726e-03
1506 3.630142e-03
1507 8.034730e-02
1508 6.667104e-03
1509 8.532113e-02
1510 4.219880e-02
1511 1.221550e-02
1512 4.579236e-02
1513 5.435166e-03
1514 5.193319e-03
1515 5.489269e-02
1516 1.383466e-02
1517 1.773663e-02
1518 1.171811e-02
1519 2.010234e-02
1520 6.304119e-03
1521 7.094977e-02
1522 5.174090e-03
1523 3.873507e-02
1524 5.726090e-03
1525 4.046705e-01
1526 1.370672e-02
1527 4.984663e+00
1528 6.606748e-02
1529 1.636059e-02
1530 4.275719e-02
1531 8.783157e-03
1532 6.739192e-03
1533 7.521750e-02
1534 1.202149e-02
1535 2.548958e-01
1536 9.874760e-03
1537 6.450668e-03
1538 1.093874e-02
1539 6.711169e-02
1540 1.047324e-02
1541 1.073847e-02
1542 2.492003e-02
1543 5.145429e-03
1544 2.050329e-02
1545 3.590035e-02
1546 1.344172e-02
1547 1.196034e-02
1548 2.638414e-02
1549 2.498382e-02
1550 5.630660e-03
1551 5.470635e-02
1552 2.786575e-03
1553 2.802467e-03
1554 5.230913e-02
1555 8.121620e-03
1556 2.661203e-02
1557 3.118708e-02
1558 1.179651e-02
1559 8.023440e-03
1560 3.659149e-02
1561 1.066985e-02
1562 3.679581e-02
1563 1.545409e-02
1564 9.071321e-03
1565 4.022244e-03
1566 9.383772e-03
1567 6.903009e-03
1568 5.149544e-02
1569 1.017926e-02
1570 1.967076e-02
1571 2.444177e-02
1572 1.223050e-02
1573 1.535677e-02
1574 3.925073e-02
1575 1.575292e-02
1576 4.632861e-03
1577 3.881021e-03
1578 1.315902e-01
1579 3.186788e-03
1580 6.489601e-02
1581 1.096216e-02
1582 2.025146e-02
1583 6.701076e-03
1584 7.143584e-02
1585 6.025363e-03
1586 6.266727e-02
1587 4.210097e-03
1588 5.540640e-03
1589 3.047709e-02
1590 2.849043e-03
1591 1.024920e-02
1592 5.633894e-02
1593 8.688193e-03
1594 9.417573e-03
1595 1.090956e-02
1596 1.326450e-02
1597 1.490381e-01
1598 1.848106e-01
1599 9.933052e-03
1600 6.867975e-03
1601 7.891690e-01
1602 4.957047e-03
1603 4.793996e-03
1604 2.068065e-02
1605 3.828508e-02
1606 5.676406e-03
1607 1.094211e-02
1608 5.275701e-03
1609 1.267906e-02
1610 1.028756e-02
1611 1.496263e-02
1612 4.880674e-03
1613 3.216556e-02
1614 1.157911e-02
1615 4.832465e-02
1616 7.783232e-02
1617 1.018130e-02
1618 1.705407e-02
1619 2.983373e-03
1620 6.076240e-03
1621 9.874060e-03
1622 2.869517e-02
1623 6.011767e-03
1624 1.521970e-02
1625 4.417070e-03
1626 4.545672e-03
1627 1.310527e-01
1628 7.717361e-02
1629 6.216752e-03
1630 6.716432e-03
1631 5.078564e-02
1632 6.487469e-03
1633 6.453795e-02
1634 1.540532e-02
1635 3.765670e-03
1636 1.989534e-03
1637 5.843106e-03
1638 1.521937e-02
1639 1.371208e-01
1640 2.861132e-02
1641 2.566094e-03
1642 2.270034e-03
1643 5.400067e-03
1644 2.593585e-02
1645 1.217293e-01
1646 7.353977e-03
1647 9.750551e-03
1648 1.657235e-02
1649 1.208784e-02
1650 1.227341e-02
1651 7.579883e-02
1652 3.910235e-03
1653 5.250548e-03
1654 6.806954e-03
1655 3.526941e-03
1656 1.544227e-02
1657 1.041491e-01
1658 6.173021e-03
1659 1.412413e-02
1660 2.187021e-02
1661 4.017674e-02
1662 1.177862e-02
1663 5.339477e-02
1664 5.162157e-03
1665 5.512650e-03
1666 1.035526e-02
1667 4.627808e-03
1668 2.914164e-02
1669 1.561878e-01
1670 3.142840e-03
1671 3.296353e-03
1672 4.787672e-02
1673 7.170263e-03
1674 4.429133e-02
1675 8.757974e-02
1676 4.755976e-03
1677 4.831516e-03
1678 3.399054e-02
1679 7.870032e-03
1680 3.011517e-02
1681 1.436585e-02
1682 1.260828e-02
1683 9.087981e-03
1684 9.668290e-03
1685 5.023150e-03
1686 7.490905e-01
1687 6.584099e-01
1688 1.307580e-02
1689 5.162625e-02
1690 2.987872e-03
1691 3.569704e-03
1692 5.188647e-02
1693 1.351941e-02
1694 7.051663e-03
1695 3.596394e-03
1696 4.396131e-03
1697 1.218259e-02
1698 8.351655e-02
1699 6.912712e-03
1700 1.978255e-01
1701 3.341664e-03
1702 3.414600e-03
1703 1.218902e-02
1704 2.244616e-01
1705 1.431870e-02
1706 6.902874e-02
1707 8.267544e-03
1708 3.361956e-02
1709 5.405235e-03
1710 5.543557e-02
1711 3.018219e-03
1712 4.974739e-03
1713 1.042922e-02
1714 4.201056e-03
1715 5.078244e-03
1716 2.380780e-02
1717 1.744713e-02
1718 6.511745e-03
1719 3.850792e-01
1720 8.137441e-03
1721 1.108283e+00
1722 4.200534e-01
1723 7.291099e-03
1724 1.333550e-02
1725 3.754781e-02
1726 8.086720e-03
1727 6.090263e-03
1728 1.511122e-02
1729 1.843997e-02
1730 6.251024e-03
1731 1.358764e-02
1732 6.236278e-03
1733 3.044244e-02
1734 1.371169e-01
1735 7.309719e-03
1736 4.140086e-03
1737 1.294183e-02
1738 6.668808e-03
1739 9.924265e-03
1740 7.841906e-03
1741 5.836083e-02
1742 6.402442e-03
1743 5.260852e-03
1744 1.972225e-02
1745 5.876941e-02
1746 5.711420e-03
1747 3.915204e-03
1748 1.979610e-02
1749 4.140863e-03
1750 2.895853e-02
1751 3.933830e-02
1752 5.905734e-03
1753 9.359113e-03
1754 1.020128e-02
1755 1.902802e-02
1756 2.385282e-03
1757 5.666423e-02
1758 6.963578e-03
1759 6.176618e-03
1760 6.491037e-03
1761 6.650147e-03
1762 3.317113e-03
1763 5.960026e-02
1764 5.338794e-03
1765 7.617571e-03
1766 3.415365e-03
1767 4.452538e-03
1768 2.489775e-02
1769 2.264425e-01
1770 7.841940e-03
1771 9.804913e-03
1772 9.937401e-03
1773 8.848129e-03
1774 5.993543e-03
1775 5.266370e-02
1776 3.606721e-03
1777 6.912779e-03
1778 3.290505e-03
1779 9.739626e-02
1780 4.222956e-03
1781 2.993253e-02
1782 4.542382e-03
1783 9.701060e-03
1784 2.234747e-02
1785 5.561651e-03
1786 4.914757e-03
1787 8.260273e-03
1788 4.799324e-02
1789 5.129682e-03
1790 1.363410e-02
1791 6.543448e-03
1792 6.231898e-03
1793 5.103131e-03
1794 2.743769e-03
1795 3.761905e-02
1796 1.260688e-02
1797 4.273894e-03
1798 6.597151e-03
1799 6.186647e-03
1800 2.660474e-02
1801 3.237915e-03
1802 3.877529e-03
1803 8.063172e-03
1804 1.315226e-02
1805 5.478428e-03
1806 1.479847e-02
1807 1.771308e-03
1808 3.960951e-03
1809 3.035553e-02
1810 2.382512e-02
1811 4.646042e-03
1812 4.808717e-03
1813 4.096754e-03
1814 2.088143e-03
1815 1.902132e-03
1816 3.734400e-02
1817 7.173114e-03
1818 7.161199e-03
1819 2.053781e-02
1820 4.697747e-03
1821 1.642469e-02
1822 8.344624e-02
1823 7.927565e-03
1824 2.013653e-02
1825 3.025203e-03
1826 1.889059e-03
1827 2.615216e-02
1828 7.069318e-02
1829 2.672369e-03
1830 4.606678e-03
1831 3.929232e-03
1832 2.954490e-03
1833 2.403190e-02
1834 2.380462e-01
1835 2.848493e-03
1836 2.154312e-03
1837 5.747935e-03
1838 3.612317e-03
1839 2.826633e-03
1840 1.160919e-02
1841 7.037635e-02
1842 4.990733e-03
1843 9.589986e-03
1844 2.972756e-03
1845 1.327722e-02
1846 1.633664e-01
1847 5.223403e-03
1848 4.649235e-03
1849 6.429464e-03
1850 1.965206e-02
1851 6.783374e-03
1852 1.317086e-02
1853 7.917020e-03
1854 3.608356e-03
1855 1.996797e-03
1856 1.465160e-02
1857 8.387608e-03
1858 7.782153e-03
1859 1.032348e-02
1860 2.926099e-03
1861 1.666216e-03
1862 2.134524e-03
1863 4.673434e-02
1864 1.483651e-02
1865 1.013259e-02
1866 2.920389e-03
1867 4.475977e-03
1868 1.728320e-02
1869 1.190565e-02
1870 2.704560e-03
1871 5.407599e-03
1872 1.466714e-02
1873 3.781335e-03
1874 3.858775e-03
1875 6.353089e-02
1876 5.039023e-03
1877 1.830457e-03
1878 6.841306e-03
1879 3.127237e-03
1880 2.117723e-03
1881 5.403670e-02
1882 7.025459e-03
1883 2.849493e-03
1884 1.891999e-03
1885 3.838000e-02
1886 3.747521e-03
1887 9.667549e-02
1888 1.089173e-02
1889 3.117556e-03
1890 6.988898e-03
1891 8.517103e-03
1892 1.064781e-02
1893 1.204976e+00
1894 6.097204e-03
1895 4.228963e-03
1896 1.858057e-02
1897 4.355735e-03
1898 4.242252e-03
1899 4.172318e-02
1900 5.364281e-03
1901 1.784762e-03
1902 3.406942e-03
1903 3.045105e-03
1904 3.215654e-03
1905 2.623936e-02
1906 3.118849e-03
1907 2.000185e-03
1908 6.688575e-03
1909 1.020335e-02
1910 6.522877e-02
1911 1.591663e+00
1912 7.452117e-03
1913 3.776523e-03
1914 1.229462e-02
1915 4.216628e-03
1916 5.570073e-03
1917 1.579726e-02
1918 2.667209e-02
1919 3.911414e-03
1920 2.877279e-03
1921 7.862246e-03
1922 1.652566e-02
1923 3.427795e-03
1924 3.670879e-03
1925 1.860798e-02
1926 2.797745e-03
1927 8.250555e-03
1928 1.534545e-02
1929 2.860235e-03
1930 4.331822e-03
1931 4.086782e-03
1932 1.223564e-02
1933 2.604520e-03
1934 1.110207e-02
1935 3.920456e-03
1936 5.452573e-03
1937 2.107095e-03
1938 6.806526e-03
1939 3.961736e-03
1940 1.910545e-02
1941 3.683423e-03
1942 8.028872e-02
1943 3.953084e-03
1944 3.249622e-03
1945 7.280268e-02
1946 8.239687e-02
1947 3.824426e-03
1948 3.273895e-03
1949 1.461947e-02
1950 2.766969e-03
1951 1.946649e-03
1952 3.117415e-02
1953 8.618939e-03
1954 8.651280e-03
1955 8.196205e-03
1956 2.758021e-03
1957 3.160141e-03
1958 2.440754e-02
1959 8.149956e-03
1960 9.883583e-03
1961 2.076024e-02
1962 2.504915e-03
1963 1.359728e-03
1964 1.141519e-02
1965 1.971754e-03
1966 1.249788e-02
1967 3.800750e-03
1968 1.304170e-02
1969 9.033010e-03
1970 9.040959e-03
1971 5.194189e-03
1972 5.602242e-02
1973 2.011828e-03
1974 2.755018e-03
1975 5.646640e-02
1976 2.873773e-02
1977 8.854121e-03
1978 3.267797e-03
1979 2.795384e-03
1980 3.381092e-03
1981 3.047729e-03
1982 4.539904e-03
1983 3.160170e-03
1984 6.223604e-03
1985 2.788038e-03
1986 1.052114e-02
1987 9.650007e-03
1988 3.437504e-03
1989 2.017335e-03
1990 4.384665e-03
1991 3.659578e-03
1992 2.853847e-03
1993 8.261243e-02
1994 2.445768e-01
1995 2.132528e-03
1996 2.938494e-03
1997 6.198501e-03
1998 2.474667e-03
1999 6.724695e-02
2000 1.070057e-02
2001 7.763567e-03
2002 2.431917e-03
2003 1.775185e-03
2004 1.004432e-02
2005 1.530115e-02
2006 3.623004e-03
2007 3.038087e-03
2008 3.626874e-03
2009 1.213827e-03
2010 1.332827e-03
2011 2.719667e-02
2012 2.516319e-03
2013 1.140102e-02
2014 2.061909e-03
2015 2.059961e-03
2016 3.518830e-02
2017 9.848584e-02
2018 1.477784e-03
2019 1.203566e-03
2020 2.686528e-02
2021 3.409949e-03
2022 4.527071e-03
2023 3.256564e-02
2024 1.402037e-03
2025 5.571431e-03
2026 1.819148e-03
2027 3.806721e-03
2028 7.336610e-03
2029 1.776385e-02
2030 4.884805e-03
2031 8.533618e-03
2032 3.750292e-03
2033 6.745336e-03
2034 6.566712e-03
2035 1.787835e-02
2036 2.547386e-03
2037 2.535381e-03
2038 9.703585e-03
2039 2.285153e-03
2040 7.677481e-03
2041 5.300239e-03
2042 3.644454e-03
2043 1.929206e-03
2044 1.300276e-02
2045 3.781144e-03
2046 5.667214e-03
2047 1.309723e-02
2048 2.141238e-03
2049 9.785443e-02
2050 1.980190e-03
2051 2.001303e-03
2052 3.387526e-02
2053 2.288536e-02
2054 1.509657e-03
2055 2.630711e-03
2056 2.773805e-03
2057 3.138287e-03
2058 4.880234e-02
2059 8.435744e-03
2060 1.022869e-03
2061 1.129287e-03
2062 3.386061e-02
2063 5.529792e-03
2064 9.073261e-01
2065 2.266983e-02
2066 1.323826e-03
2067 7.100898e-03
2068 4.218399e-03
2069 2.161450e-02
2070 1.609610e-02
2071 3.513614e-03
2072 8.613643e-03
2073 1.901272e-03
2074 1.185036e-03
2075 2.877431e-03
2076 2.891722e-01
2077 8.451464e-03
2078 2.196641e-03
2079 2.500667e-03
2080 1.061336e-02
2081 3.634092e-03
2082 1.991132e-02
2083 5.175695e-03
2084 3.929366e-03
2085 2.113187e-03
2086 5.481290e-03
2087 5.205728e-03
2088 1.506401e-02
2089 7.780901e-03
2090 4.195872e-03
2091 3.180720e-03
2092 6.120767e-03
2093 4.684572e-03
2094 2.097973e-02
2095 3.589156e-03
2096 4.241602e-02
2097 3.555819e-03
2098 5.391451e-03
2099 5.933662e-03
2100 1.946018e-02
2101 1.785503e-03
2102 1.572940e-02
2103 1.306973e-03
2104 1.023005e-03
2105 1.001486e-02
2106 7.480653e-03
2107 2.105094e-03
2108 1.388697e-03
2109 3.707664e-03
2110 7.582182e-03
2111 2.705491e-02
2112 1.480186e-02
2113 3.824578e-03
2114 2.629477e-03
2115 2.071741e-02
2116 1.611563e-03
2117 1.080019e-02
2118 2.696761e-03
2119 3.529648e-03
2120 1.793156e-03
2121 1.117434e-02
2122 1.578531e-03
2123 1.701174e-02
2124 1.596298e-03
2125 1.453915e-02
2126 2.612646e-03
2127 3.096641e-03
2128 4.560996e-03
2129 3.529594e-02
2130 2.370599e-03
2131 2.184588e-02
2132 3.939337e-03
2133 2.231673e-02
2134 2.979853e-03
2135 1.303998e-01
2136 8.823577e-03
2137 2.587743e-03
2138 1.309606e-02
2139 2.465603e-03
2140 8.802760e-03
2141 2.392099e-02
2142 3.124282e-03
2143 3.040008e-03
2144 1.046759e-02
2145 1.801773e-03
2146 2.602618e-03
2147 2.390179e-01
2148 3.502877e-03
2149 2.590117e-03
2150 4.034111e-03
2151 2.423353e-03
2152 5.338189e-03
2153 5.645840e-02
2154 2.016198e-02
2155 4.545232e-03
2156 2.564994e-03
2157 1.350283e-02
2158 3.087329e-03
2159 4.116839e-02
2160 7.110265e-03
2161 1.735971e-03
2162 1.169808e-03
2163 1.963825e-03
2164 1.062392e-02
2165 2.914416e-02
2166 3.298962e-03
2167 2.746205e-02
2168 3.131649e-03
2169 2.692241e-03
2170 1.405590e-02
2171 2.353056e-02
2172 2.208913e-03
2173 1.881683e-03
2174 1.240645e-02
2175 1.702104e-03
2176 1.333438e-02
2177 1.256836e-03
2178 2.273833e-02
2179 5.161128e-03
2180 4.009093e-03
2181 2.439025e-03
2182 2.411007e-02
2183 6.928765e-03
2184 1.799714e-03
2185 3.389768e-03
2186 1.103251e-02
2187 3.079242e-03
2188 1.886687e+00
2189 4.353571e-02
2190 1.971166e-03
2191 2.533656e-03
2192 3.674336e-03
2193 2.253317e-03
2194 2.856866e-02
2195 4.122958e-03
2196 4.593913e-03
2197 3.389032e-03
2198 1.541921e-02
2199 2.128418e-03
2200 2.569515e-02
2201 2.675645e-03
2202 7.733521e-03
2203 3.168319e-03
2204 8.934009e-03
2205 3.638488e-03
2206 1.002173e-01
2207 1.324009e-02
2208 2.614178e-03
2209 1.045490e-02
2210 2.990106e-03
2211 2.079652e-03
2212 3.555330e-02
2213 3.574796e-03
2214 4.616553e-03
2215 3.536726e-03
2216 1.588161e-02
2217 5.060971e-03
2218 2.914124e-02
2219 4.409105e-03
2220 7.180625e-03
2221 1.639407e-02
2222 2.281654e-03
2223 2.604223e-03
2224 3.492457e-02
2225 8.707673e-03
2226 4.611158e-03
2227 2.620980e-03
2228 1.348055e-03
2229 1.767993e-03
2230 2.576848e-02
2231 7.976476e-03
2232 3.076573e-03
2233 2.745417e-02
2234 2.093973e-03
2235 6.064688e-03
2236 2.696602e-02
2237 6.361150e-03
2238 4.416013e-03
2239 6.261765e-03
2240 3.223446e-03
2241 2.017779e-02
2242 2.108856e-01
2243 2.596827e-03
2244 4.494172e-03
2245 3.125206e-03
2246 1.776618e-03
2247 7.859895e-03
2248 2.407003e-02
2249 4.001965e-03
2250 6.126282e-03
2251 2.511004e-03
2252 1.424188e-03
2253 4.426756e-03
2254 5.437614e-03
2255 3.843625e-02
2256 4.113935e-03
2257 1.545157e-02
2258 2.971954e-03
2259 7.623774e-03
2260 2.396941e-03
2261 4.891740e-03
2262 4.265636e-03
2263 3.614783e-03
2264 1.095340e-02
2265 1.691217e-02
2266 1.588256e-03
2267 2.052999e-03
2268 2.093637e-02
2269 6.199322e-03
2270 5.766943e-03
2271 1.762780e-02
2272 1.110028e-02
2273 4.801879e-03
2274 2.197631e-03
2275 3.605423e-03
2276 4.581221e-03
2277 1.538368e-02
2278 4.811661e-03
2279 1.337286e-02
2280 5.024272e-03
2281 3.729145e-03
2282 6.607458e-03
2283 3.326890e-02
2284 3.414764e-03
2285 5.312383e-03
2286 2.066703e-03
2287 1.528698e-03
2288 2.625889e-03
2289 1.179696e-01
2290 1.840935e-02
2291 3.630333e-03
2292 1.961666e-01
2293 3.882001e-03
2294 8.239519e-03
2295 2.222743e-02
2296 2.547476e-03
2297 1.473770e-02
2298 2.251567e-03
2299 1.942931e-03
2300 9.852216e-03
2301 1.030609e-01
2302 2.963739e-03
2303 2.489701e-03
2304 6.073375e-03
2305 7.548091e-03
2306 8.840499e-03
2307 6.124099e+00
2308 4.683967e-03
2309 2.453465e-03
2310 5.113938e-03
2311 2.149304e-03
2312 1.224789e-03
2313 1.084111e-02
2314 3.105507e-03
2315 7.116195e-03
2316 8.268383e-03
2317 1.347883e-03
2318 1.634030e-03
2319 1.238403e-02
2320 9.730073e-02
2321 2.896867e-03
2322 3.497285e-03
2323 2.386137e-03
2324 2.532499e-03
2325 5.308730e-03
2326 2.201212e-03
2327 2.744502e-03
2328 2.864334e-03
2329 5.946161e-03
2330 4.966627e-03
2331 2.704768e-03
2332 3.694969e-03
2333 8.446336e-03
2334 4.073022e-03
2335 1.315221e-01
2336 1.125621e-02
2337 5.920918e-03
2338 1.887416e-02
2339 3.840627e-03
2340 6.393786e-03
2341 6.192332e-03
2342 3.737223e-03
2343 1.351283e-02
2344 4.986191e-03
2345 2.010380e-03
2346 5.792348e-03
2347 2.475999e-03
2348 6.723318e-03
2349 1.210575e-02
2350 3.695802e-03
2351 2.007769e-03
2352 3.912660e-03
2353 5.036205e-03
2354 7.818919e-03
2355 2.175513e-03
2356 2.911528e-03
2357 4.573287e-03
2358 2.218977e-03
2359 5.900836e-03
2360 2.400066e-02
2361 8.478122e-03
2362 2.449073e-02
2363 2.057670e-03
2364 1.410860e-03
2365 1.862227e-03
2366 1.299669e-01
2367 3.566421e-02
2368 2.028646e-03
2369 1.366633e-03
2370 7.354530e-03
2371 3.191493e-03
2372 3.760147e-02
2373 8.655933e-03
2374 4.309963e-03
2375 3.249556e-03
2376 6.266175e-03
2377 1.473438e-03
2378 3.359062e-02
2379 6.231642e-03
2380 3.027479e-03
2381 3.138666e-03
2382 4.927108e-03
2383 1.624669e-02
2384 3.831297e-02
2385 1.687137e-03
2386 1.494907e-03
2387 3.459417e-03
2388 4.703923e-03
2389 4.417429e-03
2390 5.386106e-02
2391 6.554856e-03
2392 1.298632e-03
2393 1.759325e-03
2394 2.361574e-02
2395 2.066164e-03
2396 1.264908e-02
2397 4.800199e-03
2398 4.212590e-03
2399 3.729094e-03
2400 9.492388e-03
2401 9.812989e-03
2402 1.758713e-02
2403 3.011737e-03
2404 3.869446e-03
2405 4.638165e-03
2406 6.544227e-03
2407 3.219933e-03
2408 1.884718e-02
2409 3.687075e-03
2410 7.401702e-03
2411 8.856531e-03
2412 3.098083e-03
2413 2.164493e-03
2414 1.050633e-02
2415 3.477567e-03
2416 2.337063e-02
2417 3.134867e-03
2418 2.389772e-03
2419 1.059008e-02
2420 1.096370e-02
2421 1.801321e-03
2422 1.272461e-03
2423 1.455300e-02
2424 1.090212e-03
2425 1.016544e-02
2426 1.664810e-03
2427 1.103827e-02
2428 6.282909e-03
2429 2.547875e-03
2430 3.847796e-03
2431 6.230619e-03
2432 4.594236e-03
2433 1.138842e-03
2434 2.514881e-03
2435 9.027017e-03
2436 2.683028e-03
2437 1.513214e-02
2438 2.910925e-03
2439 6.436972e-03
2440 1.289499e-03
2441 3.296880e-03
2442 7.611542e-03
2443 1.887407e-02
2444 2.914524e-03
2445 1.095200e-02
2446 1.995330e-03
2447 4.036078e-03
2448 1.695174e-03
2449 2.219166e-02
2450 1.993165e-03
2451 5.491388e-03
2452 3.271232e-03
2453 1.225605e-03
2454 1.169220e-03
2455 4.159437e-02
2456 7.506922e-03
2457 1.902738e-03
2458 2.442762e-03
2459 3.344210e-03
2460 2.667713e-03
2461 3.048168e-02
2462 1.091251e-02
2463 4.984890e-03
2464 2.486070e-03
2465 5.585896e-03
2466 1.703727e-03
2467 2.031020e-02
2468 1.007578e-03
2469 1.423859e-03
2470 3.902804e-03
2471 2.439752e-03
2472 5.663583e-03
2473 2.508916e-02
2474 1.304959e-03
2475 2.252903e-02
2476 1.444168e-03
2477 2.452073e-03
2478 3.922253e-03
2479 2.452596e-02
2480 4.811470e-03
2481 2.978761e-03
2482 2.122728e-03
2483 2.697971e-03
2484 1.071623e-03
2485 1.628162e-02
2486 2.287272e-03
2487 3.467170e-03
2488 1.612075e-03
2489 1.700350e-03
2490 1.229920e-02
2491 2.187864e-02
2492 1.995822e-03
2493 1.218233e-03
2494 5.558287e-03
2495 2.706457e-03
2496 6.496121e-02
2497 7.478328e-01
2498 1.476420e-03
2499 5.389211e-03
2500 1.197877e-03
2501 1.108001e-03
2502 2.718135e-02
2503 1.599674e-02
2504 2.093695e-03
2505 5.568796e-03
2506 2.734736e-03
2507 1.626989e-03
2508 7.513557e-03
2509 1.605506e-03
2510 6.291144e-03
2511 4.993480e-03
2512 3.364349e-02
2513 1.293613e-03
2514 9.379503e-03
2515 1.029947e-03
2516 2.113302e-03
2517 8.114539e-03
2518 6.661758e-03
2519 2.963136e-03
2520 1.140238e-02
2521 4.511004e-03
2522 2.234441e-03
2523 1.661294e-03
2524 2.734487e-03
2525 1.495741e-02
2526 8.166698e-03
2527 3.361148e-03
2528 6.140672e-03
2529 3.151438e-03
2530 1.095575e-03
2531 3.487833e-03
2532 3.547029e-02
2533 2.752490e-03
2534 2.215228e-03
2535 3.735740e-02
2536 1.288052e-03
2537 1.505507e-03
2538 2.150971e-02
2539 7.440609e-03
2540 4.778315e-03
2541 8.876812e-03
2542 2.020147e-03
2543 2.395352e-03
2544 3.060694e-01
2545 3.121602e-03
2546 2.090147e-03
2547 1.369718e-02
2548 2.835681e-03
2549 1.357224e-02
2550 3.033476e-02
2551 1.524126e-03
2552 3.384501e-03
2553 2.964631e-03
2554 2.293354e-03
2555 5.666392e-03
2556 2.645889e-02
2557 1.927687e-03
2558 2.284357e-03
2559 3.665022e-02
2560 1.748865e-03
2561 1.475673e-03
2562 8.797642e-03
2563 1.104551e-01
2564 3.513721e-03
2565 3.204729e-03
2566 9.901562e-04
